cam0=[542.019 0 541.863; 0 542.019 255.198; 0 0 1]
cam1=[542.019 0 541.863; 0 542.019 255.198; 0 0 1]
doffs=0
baseline=59.5589
width=941
height=490
ndisp=941
