cam0=[543.757 0 520.82; 0 543.757 293.208; 0 0 1]
cam1=[543.757 0 520.82; 0 543.757 293.208; 0 0 1]
doffs=0
baseline=59.8102
width=927
height=489
ndisp=927
