cam0=[541.764 0 553.869; 0 541.764 232.396; 0 0 1]
cam1=[541.764 0 553.869; 0 541.764 232.396; 0 0 1]
doffs=0
baseline=59.9101
width=942
height=489
ndisp=942
