cam0=[712.53 0 369.856; 0 712.53 239.634; 0 0 1]
cam1=[712.53 0 369.856; 0 712.53 239.634; 0 0 1]
doffs=0
baseline=59.61
width=715
height=440
ndisp=715
