cam0=[541.764 0 553.682; 0 541.764 232.397; 0 0 1]
cam1=[541.764 0 553.682; 0 541.764 232.397; 0 0 1]
doffs=0
baseline=59.8896
width=942
height=489
ndisp=942
