cam0=[529.673 0 546.91; 0 529.673 283.888; 0 0 1]
cam1=[529.673 0 546.91; 0 529.673 283.888; 0 0 1]
doffs=0
baseline=60.3801
width=940
height=491
ndisp=940
