cam0=[529.673 0 546.917; 0 529.673 283.886; 0 0 1]
cam1=[529.673 0 546.917; 0 529.673 283.886; 0 0 1]
doffs=0
baseline=60.381
width=940
height=491
ndisp=940
