cam0=[543.757 0 520.961; 0 543.757 293.208; 0 0 1]
cam1=[543.757 0 520.961; 0 543.757 293.208; 0 0 1]
doffs=0
baseline=59.8202
width=927
height=489
ndisp=927
