cam0=[543.757 0 520.938; 0 543.757 293.207; 0 0 1]
cam1=[543.757 0 520.938; 0 543.757 293.207; 0 0 1]
doffs=0
baseline=59.8295
width=927
height=489
ndisp=927
